1559 690  965  1449 1173 0    0    0    408  0    0    295  295  690  296  296  394  0    571  594  295  571  110  284  0    0    296  0    0    0    0    110  110  690  0    0    0    296  0    0    580  0    0    0    
690  2005 394  1579 1579 0    0    0    707  316  316  0    0    1672 698  698  394  0    0    296  0    0    110  284  0    0    962  0    0    0    0    759  443  1672 333  0    0    962  316  0    982  0    0    0    
965  394  1539 1256 980  198  198  198  511  0    0    295  295  394  0    0    394  0    571  0    295  571  110  284  173  0    0    0    0    0    0    110  110  394  0    0    0    173  0    173  457  0    0    0    
1449 1579 1256 3498 3222 198  563  198  1580 0    0    295  295  1611 698  698  284  0    571  594  295  571  0    284  365  365  1327 365  365  284  365  333  333  1246 333  0    0    1611 0    0    1631 0    284  0    
1173 1579 980  3222 3222 198  563  198  1580 0    0    295  295  1611 698  698  284  0    295  594  295  295  0    284  365  365  1327 365  365  284  365  333  333  1246 333  0    0    1611 0    0    1631 0    284  0    
0    0    198  198  198  198  198  198  198  0    0    0    0    0    0    0    0    0    0    0    0    0    0    0    0    0    0    0    0    0    0    0    0    0    0    0    0    0    0    0    0    0    0    0    
0    0    198  563  563  198  563  198  198  0    0    0    0    365  0    0    0    0    0    0    0    0    0    0    365  365  365  365  365  0    365  0    0    0    0    0    0    365  0    0    365  0    0    0    
0    0    198  198  198  198  198  198  198  0    0    0    0    0    0    0    0    0    0    0    0    0    0    0    0    0    0    0    0    0    0    0    0    0    0    0    0    0    0    0    0    0    0    0    
408  707  511  1580 1580 198  198  198  1979 289  289  0    289  374  0    0    110  0    0    298  0    0    110  0    0    0    264  0    0    284  0    443  443  374  333  0    0    548  0    0    284  289  284  0    
0    316  0    0    0    0    0    0    289  813  813  0    289  316  0    0    0    0    0    0    0    0    0    0    0    0    0    0    0    0    0    316  0    316  0    0    0    0    316  0    208  497  0    0    
0    316  0    0    0    0    0    0    289  813  813  0    289  316  0    0    0    0    0    0    0    0    0    0    0    0    0    0    0    0    0    316  0    316  0    0    0    0    316  0    208  497  0    0    
295  0    295  295  295  0    0    0    0    0    0    295  295  0    0    0    0    0    295  0    295  295  0    0    0    0    0    0    0    0    0    0    0    0    0    0    0    0    0    0    0    0    0    0    
295  0    295  295  295  0    0    0    289  289  289  295  584  0    0    0    0    0    295  0    295  295  0    0    0    0    0    0    0    0    0    0    0    0    0    0    0    0    0    0    0    289  0    0    
690  1672 394  1611 1611 0    365  0    374  316  316  0    0    2543 911  911  394  213  0    509  213  0    403  790  365  365  1327 365  365  0    365  639  323  2178 213  213  213  1327 316  0    1347 0    0    0    
296  698  0    698  698  0    0    0    0    0    0    0    0    911  911  911  0    213  0    509  213  0    0    213  0    0    698  0    0    0    0    213  213  911  213  213  213  698  0    0    698  0    0    0    
296  698  0    698  698  0    0    0    0    0    0    0    0    911  911  911  0    213  0    509  213  0    0    213  0    0    698  0    0    0    0    213  213  911  213  213  213  698  0    0    698  0    0    0    
394  394  394  284  284  0    0    0    110  0    0    0    0    394  0    0    394  0    0    0    0    0    110  284  0    0    0    0    0    0    0    110  110  394  0    0    0    0    0    0    284  0    0    0    
0    0    0    0    0    0    0    0    0    0    0    0    0    213  213  213  0    213  0    213  213  0    0    213  0    0    0    0    0    0    0    213  213  213  213  213  213  0    0    0    0    0    0    0    
571  0    571  571  295  0    0    0    0    0    0    295  295  0    0    0    0    0    838  267  562  571  0    0    0    0    0    0    0    0    0    0    0    0    0    0    267  0    0    0    0    0    0    0    
594  296  0    594  594  0    0    0    298  0    0    0    0    509  509  509  0    213  267  1074 480  0    0    213  0    0    296  0    0    0    0    213  213  509  213  213  480  296  0    0    296  0    0    0    
295  0    295  295  295  0    0    0    0    0    0    295  295  213  213  213  0    213  562  480  775  295  0    213  0    0    0    0    0    0    0    213  213  213  213  213  480  0    0    0    0    0    0    0    
571  0    571  571  295  0    0    0    0    0    0    295  295  0    0    0    0    0    571  0    295  571  0    0    0    0    0    0    0    0    0    0    0    0    0    0    0    0    0    0    0    0    0    0    
110  110  110  0    0    0    0    0    110  0    0    0    0    403  0    0    110  0    0    0    0    0    403  293  0    0    0    0    0    0    0    110  110  403  0    0    0    0    0    0    0    0    0    0    
284  284  284  284  284  0    0    0    0    0    0    0    0    790  213  213  284  213  0    213  213  0    293  790  0    0    0    0    0    0    0    213  213  790  213  213  213  0    0    0    284  0    0    0    
0    0    173  365  365  0    365  0    0    0    0    0    0    365  0    0    0    0    0    0    0    0    0    0    538  365  365  365  365  0    365  0    0    0    0    0    0    538  0    173  538  0    0    0    
0    0    0    365  365  0    365  0    0    0    0    0    0    365  0    0    0    0    0    0    0    0    0    0    365  365  365  365  365  0    365  0    0    0    0    0    0    365  0    0    365  0    0    0    
296  962  0    1327 1327 0    365  0    264  0    0    0    0    1327 698  698  0    0    0    296  0    0    0    0    365  365  1327 365  365  0    365  0    0    962  0    0    0    1327 0    0    1063 0    0    0    
0    0    0    365  365  0    365  0    0    0    0    0    0    365  0    0    0    0    0    0    0    0    0    0    365  365  365  593  593  0    365  0    0    0    0    0    0    593  0    0    365  0    0    0    
0    0    0    365  365  0    365  0    0    0    0    0    0    365  0    0    0    0    0    0    0    0    0    0    365  365  365  593  593  0    365  0    0    0    0    0    0    593  0    0    365  0    0    0    
0    0    0    284  284  0    0    0    284  0    0    0    0    0    0    0    0    0    0    0    0    0    0    0    0    0    0    0    0    284  0    0    0    0    0    0    0    284  0    0    284  0    284  0    
0    0    0    365  365  0    365  0    0    0    0    0    0    365  0    0    0    0    0    0    0    0    0    0    365  365  365  365  365  0    365  0    0    0    0    0    0    365  0    0    365  0    0    0    
110  759  110  333  333  0    0    0    443  316  316  0    0    639  213  213  110  213  0    213  213  0    110  213  0    0    0    0    0    0    0    972  656  639  546  213  213  0    316  0    0    0    0    0    
110  443  110  333  333  0    0    0    443  0    0    0    0    323  213  213  110  213  0    213  213  0    110  213  0    0    0    0    0    0    0    656  656  323  546  213  213  0    0    0    0    0    0    0    
690  1672 394  1246 1246 0    0    0    374  316  316  0    0    2178 911  911  394  213  0    509  213  0    403  790  0    0    962  0    0    0    0    639  323  2178 213  213  213  962  316  0    982  0    0    0    
0    333  0    333  333  0    0    0    333  0    0    0    0    213  213  213  0    213  0    213  213  0    0    213  0    0    0    0    0    0    0    546  546  213  546  213  213  0    0    0    0    0    0    0    
0    0    0    0    0    0    0    0    0    0    0    0    0    213  213  213  0    213  0    213  213  0    0    213  0    0    0    0    0    0    0    213  213  213  213  213  213  0    0    0    0    0    0    0    
0    0    0    0    0    0    0    0    0    0    0    0    0    213  213  213  0    213  267  480  480  0    0    213  0    0    0    0    0    0    0    213  213  213  213  213  480  0    0    0    0    0    0    0    
296  962  173  1611 1611 0    365  0    548  0    0    0    0    1327 698  698  0    0    0    296  0    0    0    0    538  365  1327 593  593  284  365  0    0    962  0    0    0    2305 0    173  1520 0    284  293  
0    316  0    0    0    0    0    0    0    316  316  0    0    316  0    0    0    0    0    0    0    0    0    0    0    0    0    0    0    0    0    316  0    316  0    0    0    0    316  0    0    0    0    0    
0    0    173  0    0    0    0    0    0    0    0    0    0    0    0    0    0    0    0    0    0    0    0    0    173  0    0    0    0    0    0    0    0    0    0    0    0    173  0    173  173  0    0    0    
580  982  457  1631 1631 0    365  0    284  208  208  0    0    1347 698  698  284  0    0    296  0    0    0    284  538  365  1063 365  365  284  365  0    0    982  0    0    0    1520 0    173  2012 208  284  0    
0    0    0    0    0    0    0    0    289  497  497  0    289  0    0    0    0    0    0    0    0    0    0    0    0    0    0    0    0    0    0    0    0    0    0    0    0    0    0    0    208  497  0    0    
0    0    0    284  284  0    0    0    284  0    0    0    0    0    0    0    0    0    0    0    0    0    0    0    0    0    0    0    0    284  0    0    0    0    0    0    0    284  0    0    284  0    284  0    
0    0    0    0    0    0    0    0    0    0    0    0    0    0    0    0    0    0    0    0    0    0    0    0    0    0    0    0    0    0    0    0    0    0    0    0    0    293  0    0    0    0    0    293  
