1.00 0.52 0.72 0.71 0.54 0.59 0.60 0.53 0.61 0.60 0.50 0.39 0.34 0.69 0.29 0.22 0.22 0.22 0.23 0.24 0.22 0.09 
0.52 1.00 0.75 0.54 0.55 0.55 0.55 0.60 0.72 0.74 0.68 0.56 0.48 0.60 0.40 0.48 0.48 0.48 0.24 0.45 0.40 0.28 
0.72 0.75 1.00 0.70 0.74 0.73 0.69 0.76 0.90 0.93 0.84 0.75 0.68 0.46 0.56 0.66 0.66 0.66 0.25 0.62 0.57 0.47 
0.71 0.54 0.70 1.00 0.77 0.67 0.64 0.71 0.85 0.87 0.75 0.62 0.53 0.56 0.42 0.50 0.50 0.50 0.17 0.47 0.41 0.31 
0.54 0.55 0.74 0.77 1.00 0.74 0.71 0.67 0.72 0.76 0.62 0.53 0.47 0.83 0.41 0.32 0.32 0.32 0.29 0.33 0.31 0.16 
0.59 0.55 0.73 0.67 0.74 1.00 0.93 0.60 0.70 0.71 0.57 0.43 0.36 0.84 0.29 0.29 0.29 0.29 0.18 0.28 0.25 0.14 
0.60 0.55 0.69 0.64 0.71 0.93 1.00 0.64 0.70 0.71 0.58 0.43 0.35 0.85 0.27 0.28 0.28 0.28 0.18 0.29 0.26 0.14 
0.53 0.60 0.76 0.71 0.67 0.60 0.64 1.00 0.75 0.78 0.74 0.57 0.52 0.91 0.47 0.34 0.34 0.34 0.35 0.38 0.35 0.17 
0.61 0.72 0.90 0.85 0.72 0.70 0.70 0.75 1.00 0.87 0.82 0.79 0.78 0.97 0.81 0.43 0.46 0.46 0.58 0.43 0.42 0.16 
0.60 0.74 0.93 0.87 0.76 0.71 0.71 0.78 0.87 1.00 0.90 0.96 0.98 0.97 0.99 0.42 0.42 0.42 0.60 0.49 0.49 0.20 
0.50 0.68 0.84 0.75 0.62 0.57 0.58 0.74 0.82 0.90 1.00 0.78 0.77 0.94 0.79 0.43 0.43 0.43 0.52 0.45 0.44 0.21 
0.39 0.56 0.75 0.62 0.53 0.43 0.43 0.57 0.79 0.96 0.78 1.00 0.93 0.90 0.83 0.50 0.50 0.50 0.56 0.50 0.49 0.31 
0.34 0.48 0.68 0.53 0.47 0.36 0.35 0.52 0.78 0.98 0.77 0.93 1.00 0.85 0.90 0.55 0.55 0.55 0.59 0.53 0.52 0.39 
0.69 0.60 0.46 0.56 0.83 0.84 0.85 0.91 0.97 0.97 0.94 0.90 0.85 1.00 0.77 0.82 0.84 0.84 0.44 0.82 0.74 0.69 
0.29 0.40 0.56 0.42 0.41 0.29 0.27 0.47 0.81 0.99 0.79 0.83 0.90 0.77 1.00 0.60 0.60 0.60 0.58 0.56 0.55 0.49 
0.22 0.48 0.66 0.50 0.32 0.29 0.28 0.34 0.43 0.42 0.43 0.50 0.55 0.82 0.60 1.00 0.73 0.73 0.75 0.57 0.59 0.50 
0.22 0.48 0.66 0.50 0.32 0.29 0.28 0.34 0.46 0.42 0.43 0.50 0.55 0.84 0.60 0.73 1.00 1.00 0.93 0.57 0.59 0.50 
0.22 0.48 0.66 0.50 0.32 0.29 0.28 0.34 0.46 0.42 0.43 0.50 0.55 0.84 0.60 0.73 1.00 1.00 0.93 0.57 0.59 0.50 
0.23 0.24 0.25 0.17 0.29 0.18 0.18 0.35 0.58 0.60 0.52 0.56 0.59 0.44 0.58 0.75 0.93 0.93 1.00 0.95 0.94 0.81 
0.24 0.45 0.62 0.47 0.33 0.28 0.29 0.38 0.43 0.49 0.45 0.50 0.53 0.82 0.56 0.57 0.57 0.57 0.95 1.00 1.00 0.45 
0.22 0.40 0.57 0.41 0.31 0.25 0.26 0.35 0.42 0.49 0.44 0.49 0.52 0.74 0.55 0.59 0.59 0.59 0.94 1.00 1.00 0.50 
0.09 0.28 0.47 0.31 0.16 0.14 0.14 0.17 0.16 0.20 0.21 0.31 0.39 0.69 0.49 0.50 0.50 0.50 0.81 0.45 0.50 1.00 
